/LHC as a 1-turn map,
/somewhat random and not-on-orbit bunch distribution (single bunch).
TURNS 100000
/TURNS 100
BEAM
ENERGY 7e12
BUNCH 0.0 1 1e-3 1e-3 1e-3 1e-3 0.0 0.0
NEXT
RING
/IMPORTFILE madX/SECTOR_B1_acsca.tfs.RING
/ START -> "IP1"
/MATRIX 1 0 0 0 0 0 0 1 0 0 0 0 0 0 1 0 0 0 0 0 0 1 0 0 0 0 0 0 1 0 0 0 0 0 0 1
/ "IP1" -> "IP2"
MATRIX 0.888406780143742 1.21637975892562 -4.23696927708333e-05 -3.66038444697504e-05 0 0.0010124636557103 -0.811962654066674 0.0138957324922122 -4.76787928841222e-06 4.64587373311957e-06 0 6.4802414142134e-05 -2.94072035390913e-05 2.37479948138518e-05 -2.883455215578 -1.14887166519382 0 -0.0201717517250488 2.11840060866602e-05 -4.478858789246e-06 0.763238446891337 -0.0427046601196109 0 -0.000573347630962895 -0.000880097760193646 -6.46514584904314e-05 -0.0170490807561891 0.0002027320297122 1 -1.15827433703681 0 0 0 0 0 1
/ "IP2" -> "IP3"
MATRIX 0.535885856386839 -34.4525198824257 -5.19595904297837e-07 -3.95187801324165e-06 0 -0.517698639257858 0.018219901061216 0.694697372576173 5.56782726546027e-09 9.42228190634836e-08 0 -0.00652561544917888 -5.55732317288972e-07 -8.00505221368908e-06 -0.21050655555481 -46.7056591467826 0 -0.00669766234174558 -9.45659538013669e-09 -8.77151130865318e-08 0.018822066315603 -0.574343093053304 0 -0.000329882559459902 -0.00593543308335905 -0.584467782539835 -0.00019551255922501 -0.0115607008424789 1 -1.1467497605334 0 0 0 0 0 1
/ "IP3" -> "ACSCA.D5L4.B1"
MATRIX -2.72449842656945 -91.1999540544998 -1.09556130960319e-10 -3.48069930085837e-06 0 -1.98599764453566 0.00170958949897014 -0.309813178091907 2.67337087709751e-10 -2.22284022675664e-08 0 -0.00114855145934419 -2.56718930883093e-08 2.69625960306108e-06 2.77625565431859 -218.330102644546 0 -6.84991981140714e-07 -3.18718933817674e-10 -2.86719354113162e-09 0.00610290260998376 -0.119746664090631 0 -1.07047367970306e-08 -0.00652446736189501 0.510540401615223 2.50075900538842e-08 -2.21499298672445e-06 1 -1.16506757107683 0 0 0 0 0 1
/RFCAV 2e6 0.749481145 0.0
RFCAV_LOADING 2e6 0.749481145 0.0 45
/RFCAV_MATRIX 2e6 0.749481145 0.0 7e12
/ "ACSCA.D5L4.B1" -> "ACSCA.C5L4.B1"
MATRIX 1 1.49599999999802 0 0 0 -1.27092099064477e-09 0 1 0 0 0 0 0 0 1 1.49599999999802 0 5.0375113376934e-11 0 0 0 1 0 0 0 -1.27092099064477e-09 0 5.0375113376934e-11 1 2.68777065382036e-08 0 0 0 0 0 1
RFCAV 2e6 0.749481145 0.0
/RFCAV_MATRIX 2e6 0.749481145 0.0 7e12
/ "ACSCA.C5L4.B1" -> "ACSCA.B5L4.B1"
MATRIX 1 1.49599999999802 0 0 0 -1.27092099064477e-09 0 1 0 0 0 0 0 0 1 1.49599999999802 0 5.0375113376934e-11 0 0 0 1 0 0 0 -1.27092099064477e-09 0 5.0375113376934e-11 1 2.68777065382036e-08 0 0 0 0 0 1
RFCAV 2e6 0.749481145 0.0
/RFCAV_MATRIX 2e6 0.749481145 0.0 7e12
/ "ACSCA.B5L4.B1" -> "ACSCA.A5L4.B1"
MATRIX 1 1.49599999999984 0 0 0 -1.27092099064631e-09 0 1 0 0 0 0 0 0 1 1.49599999999984 0 5.03751133769952e-11 0 0 0 1 0 0 0 -1.27092099064631e-09 0 5.03751133769952e-11 1 2.68777065382363e-08 0 0 0 0 0 1
RFCAV 2e6 0.749481145 0.0
/RFCAV_MATRIX 2e6 0.749481145 0.0 7e12
/ "ACSCA.A5L4.B1" -> "IP4"
MATRIX 1 9.47249999999985 0 0 0 -8.04732559084112e-09 0 1 0 0 0 0 0 0 1 9.47249999999985 0 3.18969426112053e-10 0 0 0 1 0 0 0 -8.04732559084112e-09 0 3.18969426112053e-10 1 1.70186547582531e-07 0 0 0 0 0 1
/ "IP4" -> "ACSCA.A5R4.B1"
MATRIX 1 10.1375000000487 0 0 0 -8.61227375851621e-09 0 1 0 0 0 0 0 0 1 10.1375000000487 0 3.41362106859489e-10 0 0 0 1 0 0 0 -8.61227375851621e-09 0 3.41362106859489e-10 1 1.82134191198334e-07 0 0 0 0 0 1
RFCAV 2e6 0.749481145 0.0
/RFCAV_MATRIX 2e6 0.749481145 0.0 7e12
/ "ACSCA.A5R4.B1" -> "ACSCA.B5R4.B1"
MATRIX 1 1.49599999999802 0 0 0 -1.27092099064477e-09 0 1 0 0 0 0 0 0 1 1.49599999999802 0 5.0375113376934e-11 0 0 0 1 0 0 0 -1.27092099064477e-09 0 5.0375113376934e-11 1 2.68777065382036e-08 0 0 0 0 0 1
RFCAV 2e6 0.749481145 0.0
/RFCAV_MATRIX 2e6 0.749481145 0.0 7e12
/ "ACSCA.B5R4.B1" -> "ACSCA.C5R4.B1"
MATRIX 1 1.49599999999984 0 0 0 -1.27092099064631e-09 0 1 0 0 0 0 0 0 1 1.49599999999984 0 5.03751133769952e-11 0 0 0 1 0 0 0 -1.27092099064631e-09 0 5.03751133769952e-11 1 2.68777065382363e-08 0 0 0 0 0 1
RFCAV 2e6 0.749481145 0.0
/RFCAV_MATRIX 2e6 0.749481145 0.0 7e12
/ "ACSCA.C5R4.B1" -> "ACSCA.D5R4.B1"
MATRIX 1 1.49599999999802 0 0 0 -1.27092099064477e-09 0 1 0 0 0 0 0 0 1 1.49599999999802 0 5.0375113376934e-11 0 0 0 1 0 0 0 -1.27092099064477e-09 0 5.0375113376934e-11 1 2.68777065382036e-08 0 0 0 0 0 1
RFCAV 2e6 0.749481145 0.0
/RFCAV_MATRIX 2e6 0.749481145 0.0 7e12
/ "ACSCA.D5R4.B1" -> "IP5"
MATRIX -0.0269627348210263 1.06787279926814 -4.76716163315759e-07 1.22055750132767e-05 0 -1.54017894186476e-06 -0.140110549700996 -31.5390764594885 -1.54903882630417e-07 -9.73736079153194e-06 0 -0.000352294666600933 3.59902147698585e-07 8.78886927773403e-05 0.0049806854252199 -5.90464846218838 0 2.47826454237185e-07 1.17038208090002e-07 4.67321005396471e-05 0.175601235738012 -7.40130392067709 0 2.46647654884207e-05 -9.28304120403661e-06 0.000424779557035238 -7.9496512354118e-08 0.000143806845660302 1 -1.16341210914395 0 0 0 0 0 1
/ "IP5" -> "IP6"
MATRIX 24.2779870512458 -4.76503036353057 0.000897844544074601 -0.0012575389056327 0 7.01972290692877e-05 0.221909241069763 -0.00236445766052062 9.70550376539855e-06 -1.26805389764447e-05 0 -7.6136269627411e-09 -0.000454824224078021 0.0010362235884469 -21.5143929385276 4.5275260103639 0 0.000499871299965855 -2.70520418848044e-06 4.36058687916583e-06 -0.0479542015735683 -0.0363889469940642 0 -3.93215294184461e-06 1.57591166747577e-05 -1.96003217019891e-07 -0.000108568124429311 -3.87765230500514e-07 1 -1.16552075021343 0 0 0 0 0 1
/ "IP6" -> "IP7"
MATRIX -0.944206634434163 103.390142357176 -2.07815087294034e-08 -5.40168972112727e-06 0 -0.203869323949434 0.0105618046951229 -2.21560240596182 6.84020611409593e-10 1.48732311616283e-07 0 3.65591024074419e-07 -2.60189402887867e-08 2.28926691451803e-06 0.552971014565769 169.166677116611 0 -9.67037635964977e-07 -6.86937394712916e-10 3.72266420468612e-08 -0.00178754762103742 1.26156071545491 0 2.62973720731813e-09 -0.00215288278940955 0.451655566136109 1.35014151968208e-10 -1.69516057796109e-06 1 -1.1352315090128 0 0 0 0 0 1
/ "IP7" -> "IP8"
MATRIX 0.146690506339532 -1.00935790087323 3.00823827395598e-09 -2.13058847774952e-06 0 0.0416394653912245 0.069764521236134 6.33703333969051 -6.94982546894058e-10 -1.01468816091268e-06 0 0.0143967270258969 5.13427094256996e-09 -6.11014280361803e-07 0.0628257722743756 -16.4242938185454 0 -0.00486460327493898 1.40476792106871e-09 -1.05009628223971e-06 0.077921730004168 -4.45373575697266 0 -0.000146085182586432 0.000793094184402994 0.278402135620432 -0.000369880460800838 0.0192663000101748 1 -1.13125205251323 0 0 0 0 0 1
/ "IP8" -> "IP1.L1"
MATRIX 0.219279941910671 -0.132128678812107 3.71749658188998e-05 -0.000160721286171391 0 0.00408201725756262 0.289315073835911 4.3860517695663 1.44487386467826e-05 5.2824609237326e-05 0 0.00306042126526248 -1.36645571985536e-05 -0.000191051107994223 0.187731951525932 0.363864088357818 0 0.000150600736582922 1.82091883125999e-05 -5.90642848600123e-05 -0.805397914278327 3.76571282684478 0 0.000315032071928396 0.000509907174093443 0.0183083597264215 -0.000180489895844386 0.000453197773635287 1 -1.16653739123691 0 0 0 0 0 1
/ "IP1.L1" -> "IP1"
PRINTMEAN means-acsca.dat
PRINTBUNCH particles-acsca.dat
NEXT
END