/LHC as a 1-turn map,
/somewhat random and not-on-orbit bunch distribution (single bunch).
TURNS 100000
BEAM
ENERGY 7e12
BUNCH 0.0 100 1e-3 1e-3 1e-3 1e-3 20e-3 1e-10
NEXT
RING
/Start in IP1
MATRIX -0.365198978708733 0.140425169038446 3.27051796888238e-05 -2.66281323431494e-05 0 -0.000570477715920077 -6.15543485035063 -0.37136496638644 -0.00201752689042752 -0.00098134873521055 0 0.0435807427657183 0.000211021013031638 -0.000100170770847779 -0.42822889084815 0.136166009069517 0 0.00311790533731837 0.000773013182699166 -0.000773626682044636 -6.0142822856964 -0.422809561491176 0 -0.00546436501934142 0.0194307444411137 -0.00591093719631578 -0.0210922361720259 -0.000572499100288727 1 -9.22036843477314 0 0 0 0 0 1
/Start in IP4
/MATRIX -0.876961026564028 214.216226927833 0.000122482121388829 0.0910026136385785 0 0.214792342852134 -0.00524293971239845 0.140397308078685 -1.91326502614054e-06 0.000245810232627242 0 -0.00030901980169772 0.000609960936141529 -0.122342023638694 0.114355566969503 275.803511293915 0 -0.0359215332275943 -1.1867055405425e-06 0.000572829198237392 -0.00402604737304573 -0.965394245918695 0 -0.000470649612821819 -0.00139681192062248 0.0962751655687677 0.000198070092528337 0.164566177053256 1 -9.22033843542052 0 0 0 0 0 1
PRINTMEAN means-lhc.dat
/PRINTBUNCH
RFCAV 16e6 0.749481145 3.14
NEXT
END